0.01 0.0325162292 0.1764
0.011 0.033641461 0.19385
0.012 0.0347534936 0.2112
0.013 0.0358473773 0.22842
0.014 0.0369066131 0.2455
0.015 0.0379608992 0.26244
0.016 0.0390102356 0.27923
0.017 0.0400199744 0.29586
0.018 0.0410379627 0.31233
0.02 0.0430475409 0.34479
0.0225 0.0455174412 0.38443
0.025 0.0479526936 0.42303
0.0275 0.0503631975 0.46058
0.03 0.0527770012 0.49712
0.0325 0.0551594568 0.53267
0.035 0.0575567615 0.56726
0.0375 0.0599491165 0.60092
0.04 0.0623348719 0.63369
0.045 0.0670832841 0.69668
0.05 0.0718432456 0.75651
0.055 0.0765421608 0.81344
0.06 0.0811932289 0.86776
0.065 0.0857585022 0.91969
0.07 0.0902033328 0.96949
0.08 0.0985419274 1.06
0.09 0.106035608 1.15
0.1 0.11252648 1.24
0.11 0.11804358 1.31
0.12 0.122781268 1.39
0.13 0.126918558 1.47
0.14 0.130684784 1.54
0.15 0.134292621 1.61
0.16 0.137840236 1.68
0.17 0.141409134 1.75
0.18 0.145031655 1.82
0.2 0.152418917 1.94
0.225 0.161750421 2.1
0.25 0.170830316 2.24
0.275 0.179193824 2.38
0.3 0.186739642 2.51
0.325 0.193466449 2.64
0.35 0.199207771 2.77
0.375 0.204128103 2.89
0.4 0.208226784 3.01
0.45 0.214286702 3.24
0.5 0.218044514 3.47
0.55 0.219828551 3.69
0.6 0.220132133 3.92
0.65 0.219614394 4.14
0.7 0.21810952 4.37
0.8 0.213951772 4.83
0.9 0.208480539 5.3
1 0.20268411 5.78
1.1 0.196561331 6.28
1.2 0.190606182 6.79
1.3 0.184983158 7.32
1.4 0.179361949 7.87
1.5 0.17423703 8.43
1.6 0.169113331 9.01
1.7 0.164469044 9.61
1.8 0.160007038 10.22
2 0.151810995 11.5
2.25 0.142756723 13.19
2.5 0.134810244 14.99
2.75 0.12780594 16.89
3 0.121594924 18.89
3.25 0.116028426 20.99
3.5 0.111023718 23.19
3.75 0.106498141 25.48
4 0.102369118 27.87
4.5 0.0951353129 32.93
5 0.0889917947 38.35
5.5 0.083707198 44.13
6 0.0790998358 50.27
6.5 0.075037518 56.74
7 0.0714376507 63.56
8 0.065294941 78.18
9 0.0607041767 94.05
10 0.0563616564 111.12
